69296
62009
28679
88726
20419
2378
32676
73272
4748
62308
89624
56374
42529
64174
62345
81582
48321
94839
54072
16669
85269
28345
86956
60182
38563
57229
39513
54524
7289
91767
82558
76584
70128
27589
81661
90546
29966
14336
80170
34713
76644
69793
91086
35524
50318
69782
33457
98639
64621
87528
31659
49889
32224
34966
26422
87138
92194
65934
41661
99483
57701
40571
92418
27828
68159
74079
34725
98124
4766
31246
49188
97761
1038
40273
49636
67708
10055
83093
66346
91027
86972
98004
40915
35548
49321
83688
22685
41514
49622
80698
57348
7322
21268
66118
51501
5778
40196
2577
20253
61313
33823
69440
59074
51212
9712
8709
18919
36118
8153
1616
27144
95125
15971
84410
30672
65291
68098
53356
6805
17719
34053
80504
41392
71672
46621
9244
77449
3168
11820
97701
64481
61994
83492
39906
13206
93204
48614
48476
45673
73119
50092
72817
68243
66062
57226
15266
31353
41675
84973
54509
59393
35378
35012
17136
7049
97985
26379
850
1152
54551
14902
65632
32896
98394
5537
46101
7949
70503
10929
53621
59973
61020
42789
28215
27081
15
59832
74785
58041
44804
29293
17434
80181
80657
50921
3582
94993
93652
4431
96144
48202
35684
78128
81097
50429
16
43550
58377
86870
54478
28350
46842
31849
71138
91408
75281
87504
51239
50066
45545
12395
95710
79330
92575
92718
30250
96156
87710
23901
16938
206
88454
68974
94685
85903
19402
94700
29452
77779
97922
281
22480
61115
48481
93617
68875
23761
97473
20113
73826
43017
48859
85888
22346
57786
78605
68947
53941
82667
92848
87231
82872
97653
56204
93908
83555
75605
88607
13006
69735
2880
29638
92214
63995
78118
2183
32869
1879
99655
69333
92056
59023
34544
94295
97720
92329
72900
66666
62621
71918
75865
49851
71141
73518
22406
65048
57072
14363
70006
86430
84097
89238
16067
92663
53232
10537
11197
2452
28767
27203
88136
20822
86225
22679
15117
83944
15007
4368
66961
93980
92637
42826
43830
63777
16343
82588
45176
89766
96950
15181
76195
97398
4418
8614
6412
74001
19150
17608
92804
64268
61162
97292
1441
63738
19970
32909
47681
51329
53628
30994
45308
46264
73819
5489
26392
6513
88076
71567
96278
85025
3100
72473
82423
23869
97438
5186
14222
32939
22794
7025
97206
83955
4316
98646
47693
40638
47907
11725
8318
1534
42718
69977
47798
32888
91817
74189
39400
79893
62108
35678
81269
65207
24502
80043
89075
38291
85229
3296
71229
24374
26673
84786
24680
47340
99783
88724
87977
47689
16801
12646
49223
59518
82622
13372
8758
90791
87560
48157
70683
66019
186
68303
31225
41039
48346
36652
79329
33574
56299
66909
74299
82971
51694
98978
30311
51477
87702
34639
99165
4502
63637
64739
80371
62610
78110
89128
53400
82022
53637
24082
48040
70174
92385
95617
11213
57082
32268
6893
7007
88566
73802
81305
71537
41847
80282
18199
93323
84335
52837
8840
88836
16473
73578
85559
79083
68040
91038
48834
50061
44674
72916
14452
14848
81652
10068
42412
38733
42335
49304
45739
30901
23105
27043
18789
64952
23676
53339
74626
8011
22527
99817
13198
55352
73395
98756
50786
89794
99619
24198
50819
72534
38649
65666
70537
48717
8077
9269
7403
73733
71359
54655
13189
14753
73443
78140
38429
43133
69118
62791
65660
68934
92340
21011
58680
91096
71796
16465
97241
71414
40662
48059
60300
79311
30077
30836
44379
54505
40105
51781
28237
27815
6436
41426
42568
96230
35917
97348
39363
21386
60138
21374
90320
52477
42384
65351
59924
14179
81816
73516
1944
38829
37927
62243
34491
68003
93079
95221
38859
49535
47002
83448
77349
69789
41225
36268
82370
93493
33615
21732
14879
10104
59457
5198
78933
1840
86900
38856
32370
68715
12372
34314
23896
66650
96556
58386
51004
5986
53607
89862
71872
16960
89661
65573
30885
85469
24378
35455
23553
39256
61910
83009
60805
40842
84849
47704
79698
17218
32771
8421
67883
56666
75070
80791
31403
42425
86776
1361
32286
75000
34672
38299
40572
37771
69183
42411
23240
93560
94217
46792
49167
56127
46152
26323
96968
31000
74027
93017
64570
23149
17789
48804
96166
9210
29594
43920
51634
32722
61633
272
7721
96304
38570
64644
34075
7752
7054
73666
17664
17623
36809
83182
73749
82960
9505
87068
30312
99883
96437
11233
39383
14225
60036
39787
5982
95819
91420
55055
57451
8043
79127
53755
46612
43770
4181
70716
50823
94198
4731
84797
31006
4264
58545
30317
30120
61965
60628
46354
74753
88212
85736
88977
64600
37635
45115
70581
33454
36535
25635
90904
44577
4761
61010
7541
48530
65190
78256
15704
75739
99338
501
6744
3601
75397
37061
33721
53713
14040
80074
28465
18604
82162
33794
83203
19796
78908
53783
69601
31794
95769
60505
92723
16881
37866
263
81762
19408
94870
13817
95146
10559
14317
18242
14159
6066
71654
64231
76130
85693
44305
20947
20648
26466
54740
3850
62613
49999
73984
32214
81793
69752
9070
90867
2984
46935
91129
84745
82694
2350
98562
77840
12908
29230
96081
43418
51647
67734
7649
27777
69778
68305
48723
90426
94770
19814
10627
73734
69812
84611
5947
67956
70714
31368
58822
73698
78303
66302
74794
77348
85003
73355
55187
97910
18937
67619
41328
70583
51704
65328
14711
21482
33632
79785
28259
44753
15950
55237
18486
85762
56199
40785
70069
26913
72152
45243
16962
66806
27896
91755
44154
12899
81462
99340
27160
398
83311
84839
87332
35014
50166
18395
56495
149
98179
1105
44901
14129
72694
63387
16242
28892
4171
2662
55804
92674
47904
89117
59480
92152
97224
3633
21402
78685
19324
48561
95434
2634
49752
99117
37648
16269
17511
10494
16418
32042
11599
77670
46170
84292
41056
78763
29535
61578
81424
85339
54252
45680
90807
13731
37831
88030
33715
75584
83066
53038
40496
78499
55672
90247
93968
9671
22868
11478
20164
55637
59871
48114
33306
6040
48757
74362
84802
78292
52291
82578
79982
6542
28257
70788
36624
82439
58818
86690
74374
41883
39728
14869
36734
11751
5116
30701
21421
44335
58530
41584
99971
18401
89698
33276
40792
54806
23989
41946
33097
76280
24523
13078
99173
69131
83866
52149
67921
59035
38838
42294
917
78565
57162
37650
90315
78629
84702
28087
22963
43232
69671
39285
77984
75720
72561
18775
30525
96549
77072
79974
72828
17946
93051
88353
87076
93268
40501
71348
52302
79338
13641
69571
74255
87155
7220
80921
82135
91922
9008
5098
51505
95030
60734
45840
87101
33294
80966
33977
46195
58038
13950
35374
75983
23353
23726
79411
32972
64226
50758
85274
59916
64399
54844
34170
67905
78415
15090
50039
86688
40449
71488
54544
35478
32222
383
22578
81867
81349
56555
28061
55738
86856
63435
31720
10208
87160
11130
43180
67738
61888
44805
27653
42638
16000
61822
26894
94414
93263
76932
97454
33712
64772
51997
69189
96993
52380
8119
78859
50080
81025
23272
5817
67880
86706
53888
94440
90217
65018
53971
57954
43257
98775
1958
2246
31126
80131
45491
25539
73394
22422
39344
23457
3545
91341
8997
537
60072
17115
95748
10151
98139
19019
32319
82371
5724
86206
76810
95940
67575
30780
70246
27183
45906
72203
45780
77031
52334
91270
18921
42079
30044
58265
65535
33588
49605
74531
50477
9676
91646
46224
36178
6136
81594
68496
4858
87317
71053
81667
99608
38628
28798
86205
65810
74703
58408
27942
51733
27093
19211
87006
69171
49254
45270
34705
82842
11226
9235
33318
37253
17232
95893
73430
39720
77486
58277
81154
45681
42596
97113
84308
71393
83318
66470
46096
58077
94411
14180
1521
13621
17537
70691
79227
62806
21747
78420
74031
47333
28089
27635
80917
23981
17416
20636
1466
75692
81564
98971
21373
24159
96083
22032
95552
95752
4853
57999
70180
15615
88530
71700
45588
6067
58742
24814
85224
96840
3233
75607
44173
31321
3241
25089
71653
20657
62076
89470
12700
59991
88440
50424
84150
874
88808
96053
96626
93660
70403
83157
25627
58932
54857
71214
81350
29950
96027
82926
26790
15611
58532
70962
46931
78124
12402
18583
15132
90829
8052
27832
12843
94607
34968
13716
99766
47372
26693
9778
17774
9850
35404
93058
81058
6617
90759
11007
2643
73684
37796
18253
32215
25109
81535
26691
53862
16469
41822
44690
40872
86005
11861
53714
96964
63180
83781
96729
10552
10474
6506
28325
20323
41909
37734
17732
64877
28493
28738
67519
2176
82886
2123
50743
24346
9
77433
78208
16477
19254
39249
73700
5259
51109
43765
2222
30641
27546
15302
41192
54371
21808
85868
91045
80068
23602
8776
44945
68446
53865
28815
70621
36750
47290
37715
61096
47298
15147
55655
80127
50753
11255
70178
72363
62364
13943
90936
9356
57840
6237
50547
28562
28044
52766
19606
24464
76367
28381
85760
61164
82245
30926
48137
35347
78215
85851
12794
41865
17350
68448
38343
68102
79702
8520
40464
58417
38814
31399
67772
13005
34670
41566
82031
87436
61171
22846
80154
5903
8605
41318
4500
55882
89454
56198
34097
91656
68991
92313
9005
53790
47007
93458
49843
71878
33921
8260
10692
81671
92383
40048
35658
43405
81614
17688
30840
59136
56885
27345
81391
81841
68662
2242
37722
74467
58439
88170
82475
27429
80482
91479
81218
43840
1289
31060
15718
35209
55671
26409
33232
64406
82808
68889
7810
80773
2928
55001
39909
59812
82345
37651
58004
67359
39892
95725
58177
98330
247
57003
25758
80728
64834
23327
40920
66122
70738
56637
1330
99397
34561
7166
82204
19801
31327
62977
22728
86327
19237
98891
85023
56887
56894
68733
13130
52619
43262
11459
52865
264
53568
49944
65097
93246
90863
31218
63983
47499
48900
90391
63247
83460
13908
45451
19613
45234
24779
42340
47912
44015
41231
32935
17253
1667
30382
67094
44928
58192
36310
61544
11759
2606
26640
5004
9820
57858
85338
73671
6757
92081
36917
6568
5988
82367
26180
51222
7145
84872
99133
67511
26102
48419
84763
40577
66438
31496
24023
11365
89687
76684
89260
17797
79289
15900
39152
5461
73757
24490
79131
96865
16570
16047
3432
38909
14766
45964
90130
38262
30835
5615
5773
73288
54033
6887
30216
20470
38383
70590
48187
44421
47274
37446
78570
42914
53345
34073
48374
43453
74914
43856
56669
91483
59903
60101
46744
74668
22416
36873
12929
69602
58839
35053
42889
12872
41940
89456
49693
96674
76398
97879
57446
23671
51677
36015
82936
5021
86440
47662
64826
61353
91517
21494
69188
67771
97946
15931
42438
36713
69155
71719
6314
27994
23123
65554
40865
65062
55010
90557
78087
31407
4788
35533
71429
56464
87899
77836
74338
18377
42661
35691
26246
80507
4878
94016
94804
37160
52806
31517
40876
37830
34307
63998
3384
91523
29060
74745
98432
23498
6151
3219
59030
93931
76034
63281
80998
53869
53970
99375
12882
89660
41972
9740
10889
35987
4543
48048
5144
36059
46019
73889
5020
10017
93624
12895
55428
68368
11326
78925
90870
30896
54307
84800
23281
17587
65797
77149
71556
81523
6382
77568
39846
16121
4808
75833
20664
69208
97328
73074
39921
43347
46962
61292
53363
56937
90538
25142
25304
18215
4066
16173
49110
74724
17324
88742
8662
99473
65891
96570
97347
88624
90489
37193
4745
95296
29377
41760
80855
26704
31185
37127
70050
94499
98419
39764
51435
88956
64905
76739
7171
85323
9263
72632
42939
61374
85060
58763
43616
81629
56109
48591
88469
9653
69687
116
39029
11446
80971
65733
42631
18097
52134
37129
32867
91898
4915
21823
73154
81653
45345
74828
7268
34328
51226
50206
12053
36285
8968
55668
34265
81428
4259
39085
91081
73945
39200
30109
1743
20170
12193
60725
38267
64327
14205
71133
72576
19119
9307
62081
17124
71003
36909
40743
5331
88134
90948
33735
40770
16267
89403
91386
14046
10013
30470
5126
309
86021
51587
18403
6191
95479
60809
9683
48293
33384
45154
73952
95465
62277
44954
48725
19371
66636
36858
10318
371
93979
42936
6125
1716
73333
32489
48537
94811
32797
34557
46397
67552
40747
26527
63030
17907
87336
89065
66200
37071
34218
40151
48887
12846
1456
97611
32216
84444
50820
58885
84814
44798
18172
7290
62865
91504
39778
11401
86314
88926
45958
49062
56477
3056
91941
35859
20963
95628
24923
3514
32698
75492
60016
97937
4689
77823
95547
36904
62266
62719
12140
63431
23868
46663
70720
86733
38166
26849
98133
40832
15775
60442
89893
88603
63498
98185
40813
812
93812
65735
4325
42862
57578
80692
40798
58514
52696
15521
20780
15414
44012
84210
39282
90674
71282
26014
45192
14482
40498
86023
46608
940
92267
35211
80789
90452
92375
81600
84263
58110
2276
43476
32039
82967
84273
94305
41480
53321
26177
78611
68734
70189
79173
24367
77214
50454
50380
22405
81287
7230
8427
27895
24521
17046
63105
5309
7497
55479
3260
8111
29940
5535
67939
78331
52211
88987
46332
21883
15163
24943
90617
1703
4115
14983
78917
70920
81715
17673
52206
88944
26100
80100
13464
59497
59556
35124
83345
31387
91455
77678
60269
56008
65121
27956
44994
11452
49838
76509
52746
56806
78211
73212
71789
73479
44131
69855
91152
12689
75150
33603
9140
4965
93099
68696
40088
76443
16434
94822
84249
94111
55090
59994
66471
20210
4301
11464
48013
70490
4324
759
27296
82535
90322
15436
72365
50805
85290
79868
63493
76791
13470
81755
22920
57679
21842
15714
74112
16663
16315
84575
88104
76308
51045
8313
96960
78860
56325
67449
83184
73435
94744
82070
63757
26531
70786
14561
28172
50654
94405
4962
80475
83388
3068
3395
41067
24909
35460
31530
57923
51774
32456
46026
44433
83500
70690
78712
43367
8841
61895
19936
43964
96909
62819
14749
27821
90990
81754
22225
12304
62229
5613
15371
81975
63031
56632
94560
30906
85560
27016
93284
29992
26867
63973
87736
21930
7339
12928
83824
40492
49215
44139
37400
12033
75240
65221
19375
56993
3797
48030
35573
9409
63400
17547
72439
36383
51333
83351
67289
36892
26718
60572
83235
53584
40896
70970
75514
64587
83897
75689
5078
49464
36180
58829
61496
11419
24049
80870
44198
45251
20336
53606
8651
37882
26045
61385
89214
9395
45025
42457
36112
21948
25692
6047
62844
13013
97912
27430
13262
89953
32507
62725
26132
7687
37550
48088
37794
22312
92285
83044
58999
45890
8046
96881
88286
69431
2446
97680
14455
61255
50143
52755
3298
72542
15598
16310
86805
59379
45923
76757
8237
8647
2888
15923
65571
56789
64010
3364
95453
56294
86407
54451
18536
94453
51331
6821
63883
70129
20853
94689
31383
87347
63795
34680
59888
79392
67341
46693
38770
13264
39801
63358
42689
79281
3832
15829
59642
7195
11281
15936
93602
65732
4406
33414
57643
84640
19894
78495
95680
67628
82194
59475
2307
58433
38866
86000
5125
93988
99263
61278
73697
53876
20318
52977
57708
36146
12619
81254
63779
44906
91207
45862
95728
95612
95627
53370
80251
48217
92283
83148
46762
51757
1807
5194
6974
87806
26671
17313
3420
87948
91010
57295
8265
43986
15002
60762
72956
12608
24540
17861
3814
70401
13588
15778
66028
83310
12380
97900
47878
4662
81047
94639
56418
99205
99832
63392
87010
26502
80704
90429
14449
88065
47724
39065
32051
79077
99827
5006
91684
24366
39219
11850
11119
27627
77146
52467
40006
75045
344
72443
11334
17437
71648
11166
97180
75009
54019
94236
65438
68468
82300
29513
23884
14350
24941
23710
35708
32977
64428
91278
44826
75546
44083
88804
69043
12902
45161
60439
29597
6180
49233
40931
23617
37232
52096
37148
12241
6114
94030
90933
30035
39894
14817
60736
54878
96443
97810
19305
87720
42635
11202
48155
47790
80244
77408
92951
57034
7004
99130
6267
47934
39098
43498
29
92598
72090
22495
23980
66119
13427
54014
6012
44595
14750
70846
27544
85007
35129
31616
27642
46331
96122
75431
42926
73529
84733
99960
80532
83863
44818
39312
82427
44846
31909
54517
83692
72241
36987
13471
42606
42999
58065
73707
30196
17603
15202
9018
49218
59195
61691
50978
14625
51571
35710
30936
32102
35924
69865
76919
75236
52292
38117
23496
23160
38160
95736
60146
51630
38342
3144
26047
28400
49691
99935
46002
64893
11571
40439
13355
73261
91416
44332
24831
27126
75267
73285
79401
61484
66555
54636
30127
21023
78132
53286
59183
90219
13431
27164
44912
32927
53210
73312
98969
69497
35665
80213
11152
47236
20652
24507
20496
12067
68838
61679
55544
60456
51315
34945
17869
5932
68417
38892
415
21702
14426
90634
51485
41589
51897
84411
11151
41560
83379
96999
77225
63592
8150
24460
595
49008
61307
12661
17845
22985
84557
94653
35853
32943
41784
1360
63763
42199
39413
78188
49184
90897
36128
17432
75307
63630
58992
75038
36216
54981
85130
60675
55575
34137
21981
84587
68334
61318
85495
62986
35616
21347
12280
60487
79483
29991
24249
21681
69404
2436
87216
54916
4647
51959
18545
63638
43348
95525
99853
98328
80654
76879
70254
14790
15212
71192
99475
76529
56687
78812
28496
78033
91092
88983
57515
21082
13231
6837
32019
99114
67137
3286
3761
35447
21830
83750
78794
17354
99955
93473
14359
93185
63726
29149
8396
34917
44975
84924
7955
23787
29772
2340
31230
18754
59854
68663
48336
71753
75500
96706
87218
58988
99991
7330
94434
38173
91080
89579
55526
7386
83051
69885
570
63128
15385
8966
14396
76711
10241
22351
497
40012
24690
48078
75117
895
33093
39805
88999
24944
36510
76217
283
52853
83546
11068
91025
90977
646
46550
98362
48
32786
15284
63175
64522
40601
77570
41233
50841
16272
58081
7205
57313
6159
82321
58208
55603
38477
63558
80546
74987
39774
80828
27839
39672
91895
18863
30648
8892
81764
45362
8939
30902
60645
88465
95423
1245
82386
36655
52085
98658
94736
75641
72322
17246
74314
30529
72848
12790
10439
69745
87776
50212
66924
31966
89883
67180
36883
84061
48944
82244
9351
79845
42888
97815
91619
60484
80200
28274
12568
95209
23009
4561
67531
56606
78874
14411
29453
91663
41201
99197
95791
91413
66120
27756
97647
41289
94936
50881
41701
60231
33124
51051
56427
92363
48865
64397
52846
45416
92670
81766
56977
32030
86326
40859
88635
81551
71621
34439
73213
12822
49987
69003
20586
32458
96759
34584
90098
85465
31798
84628
34940
82848
57406
27303
48064
21802
96500
9832
30824
94617
83160
62853
97294
24018
67840
78844
11990
2278
52057
24811
52265
21059
45396
84722
34169
96332
91172
58566
81796
22969
43193
16735
22169
16950
60389
86584
55104
56889
96415
85927
67857
79574
48779
65151
19943
16618
43994
31933
35248
96050
73095
87512
17109
34843
88585
67629
31174
79756
26195
12969
19077
85739
46055
41245
2689
6444
44180
74144
79684
40595
60070
47540
36520
8848
29042
56463
41818
73036
4747
77065
69085
77841
80928
2545
12683
85864
60208
81972
12720
73176
1048
98458
35583
58644
17498
58378
2823
91641
38061
59769
51710
1952
96289
76910
69103
35079
20381
73849
28495
89465
68041
9422
8362
97076
11637
94887
57283
93608
7606
46811
22415
82393
69650
56265
88825
47905
95182
64945
15967
13485
61233
9228
60830
46687
60658
81210
36887
89152
87027
21280
98573
95388
18355
10209
90274
75637
20169
38799
31175
36645
21191
17177
92909
78312
22353
40814
89845
87297
73132
3330
64882
98711
64159
11568
59368
61721
64807
48519
48747
86086
63443
44134
4440
90003
50759
96428
10171
48637
51579
41346
85281
72769
74874
78190
67433
97226
35355
57277
84522
24838
60606
49403
23548
41117
77323
82915
19189
58481
31433
67935
44566
11227
28420
65357
1229
79178
78136
11400
44166
29714
69097
45798
18835
60322
40339
86267
57547
75693
59895
58420
530
36853
24175
40429
94321
17849
23343
13509
76329
71127
97795
20894
82353
26214
2602
99934
21743
97089
27685
82260
26803
13133
28057
61989
73454
68396
64607
60440
24501
5771
77322
29945
17750
55673
47793
57445
69181
24121
28571
83327
61366
27276
25892
80319
43561
47634
71245
46245
20562
84377
74302
82550
57830
59049
47156
5181
19488
71656
96809
33009
57248
30911
5033
21392
88355
90566
61865
33277
73892
39582
60552
99784
19901
4112
63769
97308
91708
26366
76084
667
16770
50265
59715
63925
71797
95554
35580
99100
8715
84940
72699
39625
6325
94090
27979
96890
55954
87133
95536
38159
3268
31788
58622
83389
45447
50330
9754
79667
42765
10420
96436
93030
86486
60360
81178
98391
12291
80277
7105
13583
52975
46729
19907
47065
74707
16796
19370
52314
20280
31257
90472
63044
49093
6936
8490
15774
16689
88156
58539
43460
84591
67920
46297
61302
49097
44687
73593
45726
51792
3527
98700
14872
23433
62116
56580
97838
58244
76859
29094
48715
406
92138
7341
16979
29933
40381
21487
4823
83840
22429
72742
46488
83731
21838
7527
73675
67563
59318
93553
82615
90541
16985
61082
96471
73564
58919
54714
66774
88013
19780
96502
33939
90872
29832
80223
47605
51318
85045
31444
90099
94284
90181
95975
1810
63855
79890
77479
73759
78856
68019
90743
39937
64490
80658
98856
35555
47431
3220
55335
30962
99721
89273
38186
29552
85847
85790
97222
70891
33585
87320
45028
27868
77500
41002
46029
57706
37243
23507
31464
16098
7878
38558
56035
88719
19215
71242
24273
82997
74461
95959
74181
1583
20084
87429
70637
33657
58319
20573
20976
19698
48441
14827
60700
10821
88884
14294
36699
30392
58557
75256
2778
47275
10822
74019
48479
83858
40481
39011
85440
25328
75446
72869
12316
9103
47539
30078
67237
61257
44288
8501
66492
58581
59180
3191
5324
17736
78446
24453
81362
5620
98471
69260
15790
63301
53117
72622
2311
54909
14301
77757
44129
26616
3211
91667
59503
49640
75255
57183
10896
19542
82035
77388
94475
41214
80578
99798
75301
75375
24251
56662
97346
39073
25921
13135
2374
95390
2108
21036
50298
16408
15144
94426
43023
18354
2444
18878
67994
77699
92412
95241
13592
90798
88980
8066
32011
85909
24216
7311
61284
64818
80324
58629
3890
6244
88116
22615
17985
90223
60003
68282
22983
91498
79059
82357
9852
97855
1234
94197
75553
9997
89437
5496
794
78417
13562
49156
80677
54129
56466
41960
18946
36789
16941
22835
59385
21408
61802
77369
27982
21804
62003
50964
13301
57413
33321
39504
55267
50906
50052
47171
77255
55841
52667
78048
34257
82580
27204
31285
36708
21
89597
55653
53162
22889
28898
44296
72992
22618
88629
11147
84620
55945
40800
58385
89265
80303
30003
56522
30355
77174
33776
86195
46192
28176
36803
28771
55379
68087
81830
71751
74035
53834
24912
96923
48672
53809
41218
21664
76427
46199
49162
77398
2143
89961
7759
70264
82137
64280
16970
75662
14408
19516
38205
42583
72670
14313
57108
65156
86063
31143
18989
27327
28065
84012
97487
85635
22027
90265
31833
71189
84015
33975
61149
36148
41733
47764
34636
22364
81085
10297
53123
600
64853
95705
89621
48179
26369
13334
12432
94223
48674
56110
38639
32686
53596
54712
60213
72457
25900
44227
22783
3401
96726
80867
51164
31362
3231
32249
58010
56353
49200
22863
68410
38821
71041
94778
1901
727
23561
12475
49400
79670
51113
82085
49618
91738
36797
9830
64194
79048
70408
86977
82448
67133
67843
33612
98494
87425
82212
72856
60130
31411
95718
28539
86583
83110
39668
88483
83836
63229
957
33236
59250
52070
15320
8867
60159
35048
24352
63868
21807
27680
46315
88940
95523
3785
99299
78489
76640
59428
26252
88709
4318
12834
88171
1317
72006
23566
18625
21593
82815
87046
53265
8034
47204
59433
1951
81240
99235
48266
86531
11109
60895
26760
55736
83307
2539
81987
88367
6857
94820
76537
67194
12488
48543
7111
31113
70135
6277
18158
23399
14310
81714
61483
90095
53269
63433
87686
68855
28050
74216
96316
88945
80882
39427
44680
64188
41965
26666
52555
65173
37837
45443
48718
50325
93985
55828
97789
80472
62105
32298
20222
92766
14011
81704
82860
83631
61489
70545
89538
61112
81505
94834
41994
20931
55865
6181
62895
98882
75087
44420
36719
20530
93137
30866
48965
1183
11337
11069
33480
47911
3834
47491
29614
3046
31121
7454
73590
13344
34702
97814
24529
76695
18744
80394
99227
97991
79275
42410
32345
11195
51898
52091
42060
862
53273
69749
28282
3105
17659
32116
50595
63624
51513
98067
71078
25102
14377
773
76155
28542
25301
69201
47286
5694
84780
61628
1321
75445
4037
50017
86639
55934
45050
73148
71732
31150
1429
74836
48808
49896
41782
1408
39849
99861
70577
35368
99118
42285
20921
62755
64331
22052
24382
82003
97496
44770
486
17056
50478
61887
90203
22210
93037
7983
97045
41844
74231
38827
70627
91990
95027
86839
34851
65603
3823
86571
81072
62460
23843
43827
45894
84560
25144
59741
29330
60226
46385
7640
22112
52939
46201
31500
60921
43245
73344
35151
82071
43493
93449
47161
94695
75403
67335
81265
56475
29794
21459
16653
72935
67352
1212
98078
27092
46893
71592
3669
93277
95583
42133
46215
41783
73632
23488
85027
63327
74990
83450
23649
18482
76898
87161
13177
52301
70847
94441
25127
641
32252
58131
89927
99603
75694
4357
43047
22587
75948
46715
15863
87882
88847
78430
29664
62479
1917
31042
25805
76906
14491
65805
7741
52965
24916
76393
40164
1519
57156
67959
59649
47082
67562
35342
67790
10608
74280
43737
73674
90143
31618
62521
77633
41351
86840
8675
83507
80097
39517
49312
91836
47257
18628
16751
58791
52459
41519
15946
36769
17519
79380
4330
52861
47169
31289
27140
7258
4963
33634
55227
83835
18557
32860
25185
21748
57886
25043
18197
97402
74354
26384
61011
9334
43135
1011
68124
11945
42530
422
65065
60048
79801
69395
29260
43321
17035
72752
50578
38349
22737
5805
22183
57646
38664
63719
95745
12901
88762
13941
10302
79467
40325
87664
88800
99811
88675
73276
28107
47556
93171
23955
69849
53215
13169
42318
63747
50652
65054
89187
22699
24566
69257
18444
37466
74370
48736
64119
53837
89060
51783
42636
5222
56809
32263
49680
4364
22311
42851
28318
92159
38119
97884
21680
50422
40201
1778
17426
5255
87680
6612
28597
92220
62748
82414
66590
27836
46532
20426
33247
14666
79413
38469
71474
11676
88148
75837
50338
47350
20507
42497
18390
80528
52242
58591
82305
69667
80197
69984
92630
98580
84850
80993
51439
47788
43876
71864
81034
74894
19502
46367
79303
24002
38556
29641
87703
59062
88489
89523
93803
69016
58117
52393
67672
27783
48941
37655
36765
52586
21614
93394
49930
73052
41181
10157
61267
38566
85050
28894
74420
31417
24549
14773
86324
70541
2475
45385
75381
8350
39187
60748
66466
7932
28419
94248
56872
82425
31012
63017
35010
68977
72762
1291
58380
13942
11447
19646
68860
96497
64892
43279
44265
89440
58051
30588
76332
76877
75972
51712
85226
31510
12459
51691
55793
62291
29017
39653
9654
92033
91014
78631
64795
92304
37010
95088
20102
73008
63947
16598
37899
7225
60862
43690
81627
91449
20021
58504
83772
43729
31634
542
11772
87426
57770
74062
16442
13774
83715
8475
4787
78697
73269
13442
15707
68356
33543
88714
32303
50141
26612
55879
27354
70301
37506
35155
6673
96009
18926
94756
56089
50559
95297
67860
37985
69418
41921
70778
83191
41988
79252
4329
20684
68872
34122
52742
37228
67664
41455
85882
34156
84418
58112
77862
71070
11969
13016
77742
24329
31941
72497
80418
98852
84145
64629
53188
53562
6550
23965
53104
64889
19569
73784
85572
7905
38314
42019
91921
96120
27900
26076
80538
2364
3937
14332
16952
45701
38661
65245
34549
35430
80448
18694
58
33635
72255
22959
73951
41711
87847
93519
15494
89771
98311
39751
44436
40329
31671
40555
84581
74098
37444
86944
78035
21755
17627
11338
67455
56287
92934
2003
8068
73381
20696
8126
23367
9303
31084
13670
67365
35283
23540
99210
25053
21850
38960
85840
78531
86982
42746
63111
61080
80190
66406
55466
84032
66803
85750
56671
76089
4104
81090
65821
41152
89215
5540
36651
19209
71933
59100
33379
13337
97302
72339
99176
75832
75672
55294
36751
38462
21699
92216
56757
22082
75371
42506
95104
67811
46610
76194
33631
4113
81760
39170
54566
18410
74730
88735
90342
50182
38465
20030
47483
10803
19205
23314
2827
61126
78607
39577
15939
16657
48145
72696
23515
31553
66546
91325
94514
59091
41307
98626
40850
96829
53191
59260
87910
65953
38091
96742
85983
85573
5187
25238
26722
82664
20196
82651
98603
53204
30795
87650
8294
70661
19202
74839
61985
33929
19643
12341
91130
16471
81884
50389
4381
40160
16342
42471
53253
18676
44396
40214
69633
22878
89829
2872
37832
43032
50018
25481
67677
20678
61034
58867
82662
74749
9147
2305
87090
277
35127
68973
50665
39507
25484
83358
81978
95089
18385
42725
88589
58599
12357
8810
81476
2185
28034
35659
61569
78051
77491
29245
98729
38524
88112
97742
13273
97258
16398
16714
13886
51525
2038
80903
7383
43873
80612
5712
38961
98997
48436
27549
57595
60793
36359
55422
80744
7432
57249
75146
84922
86494
73874
23445
90957
87968
53069
4566
20717
86134
34804
88593
15706
95976
32044
96317
18039
71004
95313
66475
14905
69259
43619
67615
39299
48358
32111
96548
23503
99393
13729
73181
6701
18048
26249
27618
38764
28735
62421
43709
16905
78126
56036
65300
90795
74074
52656
86107
56900
67560
55366
16870
35174
96397
72521
44860
85420
39737
78243
84812
53465
51423
7864
71512
94024
35481
26628
22758
14254
39662
8731
42723
21314
99525
33148
73969
85632
90048
57880
57349
23269
9405
53745
95789
9287
98604
81208
49023
93199
18840
44621
6586
6703
38644
58419
33330
61401
72672
36369
17415
81402
79091
38728
80927
12239
29048
82910
18638
86927
40258
58258
96331
10354
54047
5617
25310
51606
70991
18508
50329
89830
56914
96533
18124
15332
46214
79524
88003
82583
13290
85757
78025
52017
66683
6615
81064
49592
41604
84342
6201
99862
80672
32906
70260
2640
58215
38217
89983
93074
88545
79812
72554
45459
92696
90677
60790
55262
86552
65145
54196
99842
50901
32220
68210
17583
49274
83526
96790
6078
13003
30639
38983
99614
49630
13550
39612
6623
26375
19424
79176
71833
28471
69852
48975
83732
72756
14119
72597
81371
86499
40806
15305
58037
6431
98830
54826
56398
21259
84181
3388
60241
83794
53017
73790
21624
92629
80413
47999
28404
75940
36183
73226
62144
1509
73310
34899
31979
11236
23847
13349
14086
81004
28653
72122
3787
43834
43300
60184
65092
27480
79923
25333
11273
15474
49249
41919
12238
97247
86674
88178
49781
59900
50321
51290
33209
1571
83268
60796
25417
91234
6420
41621
79707
26558
85455
23006
86741
50546
50485
83015
92230
15954
7704
27358
74224
19941
40956
77250
24470
90736
53501
74790
3061
76360
57997
63856
18128
70965
71441
40900
12585
51148
67457
98039
74153
70550
64937
40990
53564
57166
35451
85869
81221
62808
76445
17514
20115
53694
41983
10850
7194
16773
85579
10254
9484
43575
90461
14539
78254
84863
27123
29401
68671
19905
39220
22802
77246
9136
96319
12696
11356
77540
91855
87800
11405
41493
53387
22819
65038
86511
24749
91643
12347
68323
98456
56310
82861
76709
57524
26335
22461
42546
67848
42365
90649
35963
7253
3320
48658
18608
97211
40513
22760
8615
52481
64252
62001
91651
45642
64864
16399
53636
77210
1073
49871
83933
28799
7394
10268
67611
49939
94467
26328
48056
1468
62290
71660
10947
90268
1997
13027
10611
36644
93630
88963
44646
55623
53826
77397
9259
31035
78469
61349
80905
62402
6500
4650
89021
74110
70941
83487
437
18996
84954
79078
90656
6092
6377
97275
8088
74187
26653
35050
27182
20282
40365
88180
75905
94190
65576
1515
41577
44044
62863
38833
22797
85714
59835
11817
59824
30775
11656
76612
49770
12961
72042
56777
19053
78418
43492
68956
97055
94894
96138
17337
35258
84317
9593
29447
66244
11107
87375
10287
90321
42560
49436
76035
2394
77604
52210
33168
5611
28821
99289
18572
17214
72418
37624
95631
42820
97467
39875
92360
77076
73563
27617
61392
83155
73416
43987
10613
77142
70625
17285
19701
20060
93319
22094
14016
45528
71613
19626
90701
70902
38197
7914
43319
92172
19897
86138
5991
84483
42364
98350
61558
15926
42319
39301
15432
15734
83287
26044
92875
53911
59681
12576
90323
52999
51021
20690
22634
40315
21931
9887
94864
29844
53205
3387
66092
55694
9377
50574
98058
7727
28483
13983
50045
84135
29415
82130
67421
71810
91356
37684
31490
3931
44358
841
71304
65047
15719
93937
21713
37649
16576
83844
73379
19963
49936
29072
45691
16861
43481
53417
45344
57464
19813
29478
3230
18294
13251
91391
9650
67286
22881
29932
27995
40073
1235
93041
55791
11523
9791
31697
9986
21427
83995
76273
66851
29685
9486
10331
99454
71181
84146
35618
17010
53912
30260
78766
63561
13897
17998
93492
41891
58070
94727
51283
30212
22601
82388
56354
70650
30068
66339
92076
30414
58964
58926
60098
68449
75903
55981
53402
11521
72990
57129
65432
3250
52246
28992
33498
86595
22483
75389
61016
33561
91227
72514
25410
63932
43163
71829
46622
35238
5585
94164
78692
90385
79772
54594
46365
49525
66114
19355
6653
31545
38956
75250
76888
72453
61844
15723
64193
39211
49283
23568
30437
38148
48977
94368
81310
37158
16548
39399
62926
27063
34442
69663
23186
5388
16027
72710
71501
95715
19398
7040
70964
96285
95845
49160
12007
60037
88370
77642
83604
35159
15789
48933
45878
13451
86090
46350
41840
82497
89764
92634
52159
12949
98021
84537
85658
85873
36270
81372
5270
43309
68688
39153
34199
46265
15542
22568
15497
74078
72399
80781
19956
85849
83222
23174
48550
41414
22022
38313
34047
74180
51261
32067
58717
36918
34291
34642
55913
70998
19681
53879
36435
42044
76446
76693
50524
65443
71025
86831
51291
54246
26356
99840
95659
48378
54504
29705
22557
5764
78123
97625
59033
28766
8962
93674
84678
79960
13354
74848
6462
67232
11282
64857
60030
4326
38748
26905
69768
9772
30087
37410
80370
56442
53601
76028
21171
8104
22085
60080
30219
16559
57704
89252
45324
99277
46353
28983
21200
69438
12566
32482
50646
88947
53159
5745
15851
39279
15517
62289
93040
18731
62993
4617
56253
87448
26701
16332
17667
59612
74036
23270
21287
57053
22546
67640
36381
5191
5818
96798
54024
85744
7183
78559
17947
62813
94075
80235
55852
22664
15317
18844
27281
71570
6292
70333
4253
23958
29944
78288
47227
67583
51692
86124
51574
88072
70356
56764
67153
10788
83055
52896
17970
61614
87194
80782
72040
67429
52985
94704
99097
38336
70666
78120
8668
91271
18429
54964
69558
82007
37602
84482
74119
42025
54837
30882
52266
21989
58021
51672
91237
75990
13285
73123
1677
62210
26108
96380
14288
34715
48324
8759
59734
39594
43539
14697
25504
25545
53594
26378
27712
5129
81215
74946
73746
19555
32966
25418
27143
25308
55054
21925
14782
56730
84134
57241
69461
45440
71528
20527
10116
96638
80261
49709
40176
11309
75212
65720
64903
54668
8450
76149
6016
83911
66246
25570
33229
69065
74888
63069
90989
89669
19798
91474
63262
36914
34789
26137
63381
47779
22749
13089
87954
34058
4653
70026
98960
59320
78475
7925
35468
84490
8188
1714
26411
57768
9728
95475
32655
72796
2815
38675
8946
94289
1936
14556
31202
53077
57044
10934
855
79793
24022
13850
28674
58833
29161
87994
53659
53437
39813
61624
57878
64559
19391
67606
76385
68397
56753
79200
7072
82050
73488
9007
96605
21041
62083
53649
31974
49793
72347
68097
63642
1021
43281
92802
5366
96940
46238
45178
35087
24214
15997
59956
87013
8734
28353
60117
87933
51776
42167
77772
77134
55123
98812
55569
25123
47137
34857
74915
19483
2953
36855
62586
47709
42220
59525
10299
3750
10963
34512
23157
43312
10819
26521
52045
55523
86637
56329
7298
28803
34100
84432
83926
49263
40000
9048
12751
91208
83963
32233
10513
38870
69088
73098
2931
27659
48974
13229
31408
59936
64092
54564
3247
74910
97436
71643
30433
84073
27971
54082
29227
78422
38513
13152
27684
38552
56786
2424
89019
12936
94087
74458
86033
97017
18468
35006
26597
66228
11293
90688
37143
30892
81950
34579
2534
28734
18651
46857
47877
25278
37680
77381
69314
48895
32284
26099
87501
31469
64253
81587
22278
66637
94956
40746
17994
37904
6973
29287
44944
44115
60178
26893
78693
79063
71978
13695
42271
71144
61572
83901
8823
55304
69566
74070
87587
12016
25387
91439
43485
5992
73025
82114
84332
22236
62535
36260
67179
23002
12789
10423
18046
8203
82400
31741
66826
69895
9664
50726
95070
81319
20291
69139
68905
10877
60343
8494
33220
49719
90608
22200
50403
29818
29173
72638
8705
81784
56168
31706
10924
49751
65341
97843
2303
35235
7506
69380
46656
88824
6022
15794
74080
54680
50774
63173
76242
16845
53780
14793
67247
99950
60317
56236
8654
42100
28755
56711
69375
95344
6461
77036
20656
28622
28161
92887
75278
33337
98908
7423
23768
69939
50445
90894
33112
43039
7738
3243
57831
91336
3192
18148
63923
28197
60247
92677
1259
45974
4372
24072
67178
81407
44727
90684
26380
89239
99922
1657
38927
15182
25432
62695
85120
75876
53588
18231
18914
77677
37826
76745
69012
57369
94892
32934
85566
71490
25610
3176
33815
29981
27247
992
27739
71973
8028
54118
61212
24301
72127
138
39482
97558
79184
40954
89785
75536
8699
10447
13361
1795
95810
70730
13038
45095
72647
879
70704
75822
34694
17036
3069
52037
91393
60064
31596
52604
717
3722
69094
40198
17631
48277
97503
23767
97400
73039
48817
2751
50611
20008
73480
80000
65102
62478
80879
52158
54652
15572
85545
57720
67608
46671
65464
44024
78266
18068
44740
98339
3513
32321
68141
98792
56087
65540
88182
21256
89738
90932
71866
26097
80764
68218
7550
59593
49096
76059
14244
81019
77956
88315
48626
24626
53779
9001
19243
88198
53740
33933
91710
71381
82605
59850
86524
55043
41742
74705
76298
31479
81988
64516
73927
79103
32733
97828
38696
81828
73887
69291
62846
51842
57606
27823
92819
11384
36824
28413
99581
6915
7642
78295
61301
67491
9232
39522
92641
57062
37862
33316
89888
45168
72011
71715
35406
57654
50912
87247
15259
78734
96417
42994
15557
24829
22472
3525
66567
17118
81177
50409
81936
97519
75993
37809
90159
33054
75670
63666
96746
8986
53553
41913
41619
77318
92530
80916
86611
87616
93684
45956
19524
34864
4881
58347
71447
75465
35916
38208
57400
33434
14200
95208
39945
63605
87230
3610
60350
12567
57163
18614
9914
15133
12283
81267
7663
9550
84229
11630
30185
31153
38096
35065
5852
9187
22864
81316
45102
61071
55067
78536
75270
66626
18480
38874
53855
22089
15576
66421
95603
34189
92687
10736
46472
90305
34750
56021
74533
46379
75606
4717
93883
30053
39782
99734
39240
78997
81049
84341
40067
79228
15336
19093
14059
70561
89299
86136
72072
48102
36677
64758
58837
55062
93586
55520
45946
56316
47477
50663
50199
77530
6796
49932
33121
85792
17461
25858
99799
13041
57545
35243
27099
28105
24542
79598
30593
96613
27700
67269
77722
66768
49135
96474
95080
69141
86116
62094
19339
79997
85623
13117
71032
49307
46929
96889
65457
59969
70785
700
98890
41593
66665
45834
54557
10716
13102
32278
13604
96221
97764
26429
34859
9195
95569
37326
71289
31260
17322
40177
16882
46790
27561
82540
93719
24449
47996
53687
95234
48695
57106
10475
6639
40123
56308
61195
50838
85761
9824
80793
81981
7587
7221
33191
16782
2790
70517
4422
34049
4190
60950
67282
50980
88510
66173
44698
29311
14168
14736
24544
79215
88194
51370
85853
44668
24029
95505
9789
73223
92650
8121
97162
99870
41311
30295
19011
28179
34716
69411
32369
95665
36692
83348
527
2864
44397
29837
75484
70732
12598
63677
22101
14802
8344
46129
78201
20201
72269
51424
12850
96741
48585
29071
54403
78879
48082
82582
29946
17492
14950
41962
70536
14649
42488
89751
72324
23134
50880
43055
52083
30909
81507
66885
55604
45085
75804
16255
12860
5005
12995
61444
50428
67398
56674
98509
66331
2971
32352
97632
44933
2887
87420
8990
87676
59744
32123
54907
84206
85815
657
67442
41419
44643
12526
60898
25386
54931
90244
3181
5358
73993
76207
20218
40323
79177
52569
37954
24109
71808
66585
11529
80797
70612
87624
29271
25519
6773
29828
11333
23781
97269
68424
26147
2677
51532
57607
52268
71064
79316
26261
47270
99533
82935
26447
68453
37241
66907
40260
3825
94787
21056
74437
98762
66679
16307
21887
96506
27639
45667
93775
14090
19921
15770
76114
87804
89728
28382
54642
22489
84927
53928
48935
53379
91168
32193
93639
11345
26980
31046
2133
25741
14076
18439
47627
10582
62429
9646
4356
75522
23735
24276
91291
16201
12079
81018
44582
66412
15575
9785
51338
69502
75071
77022
7264
14707
4718
62104
6850
76180
41640
40314
86761
4068
49959
7468
95942
90045
48095
3584
6245
76525
84602
63821
82752
73606
18703
68606
65028
39771
45627
72291
70829
50344
39237
32932
73545
31924
25463
15184
28575
35603
54899
36042
47896
61295
84136
51480
83892
77012
36081
51069
40833
19797
33821
30790
38499
2426
95817
78269
64404
84460
65449
14747
98381
4643
71971
40195
76911
85122
71780
31809
21163
19676
93104
21651
71155
93347
98662
23587
44415
55846
59735
78235
86635
98234
97012
98804
92854
61415
99615
58303
92513
73035
97155
11633
29581
33332
88543
14702
21464
36704
52217
57491
46159
44997
39505
5232
84935
83919
61078
44669
78506
64064
59254
75517
62867
52108
53284
62481
26762
45796
18495
99796
59303
45728
35021
60430
46801
4291
34234
19216
65639
90090
24447
50573
90361
85524
95242
68866
65940
54495
28806
22954
14017
7639
49715
76165
42485
65862
35467
72611
11590
44452
23983
88371
91253
28411
17368
11895
62644
36583
77534
69086
61029
44458
59446
62905
56051
44663
28844
26898
5396
19413
15918
11929
40475
98131
47395
29437
26072
8198
53420
14442
15802
98182
48161
27697
60825
84743
21582
46262
62124
66039
22059
25028
38442
66721
70223
65339
72117
44223
15189
7881
42214
47458
19809
99040
45589
28477
88012
91752
98248
18806
7554
96429
66966
51602
73605
51709
89535
36219
30184
71925
55211
10366
24998
25433
75704
13466
86007
7245
21346
44572
54702
57506
43612
16642
41060
21006
49163
86687
39811
73068
99467
6776
24669
89423
30555
25641
5019
2480
83918
76581
12845
8915
2013
4901
22380
12145
60077
48943
83198
17582
92554
16192
74993
97345
37197
24155
77007
97223
99849
134
38243
89272
74970
68798
31264
96340
87629
72921
16825
40447
91285
21725
95656
50221
39254
60951
33419
73187
69856
65962
67201
3158
88686
96516
85908
83784
96649
40502
73055
87970
25651
20670
84310
13279
35851
73582
46456
76297
84532
71827
76874
34753
11080
37824
84523
619
24031
50484
65149
91231
69993
58814
66508
56093
42597
79508
96595
32003
67478
38597
52672
68139
68228
4874
58072
14683
97523
39289
99214
69349
32514
96780
86689
34840
10720
1675
62547
1950
88019
16380
77115
70878
19711
50386
85419
68065
34215
24015
37089
18705
92242
76776
23276
39484
32416
22490
25184
64930
72807
21964
51618
23999
19361
62337
81907
64287
14639
57753
921
3463
77464
51306
88881
61880
1872
29247
98968
36928
37841
40930
13703
61116
96765
46119
83605
21949
27400
72764
43912
79017
13114
79624
41354
55138
61531
21992
85181
76169
79744
86102
79631
73559
53759
51791
71983
30461
8910
68301
8039
38965
29417
21156
1435
29373
43104
28834
18488
3367
7850
31601
82990
65555
86739
60872
3898
88271
53392
99994
74372
33022
73552
44483
34236
41694
64697
92452
41726
49349
16842
80690
78765
37997
98476
97452
27309
59329
818
51511
90930
160
33417
94020
61031
37315
82290
14423
53660
73014
63796
27211
33848
14384
85257
66664
79080
77708
8389
44780
10901
5431
39897
48898
3906
64386
62701
47567
23714
79871
15429
30995
80030
48845
41366
57412
2511
40008
71834
56170
13021
51982
99733
63220
66365
84989
29883
61796
38271
6575
89948
60053
46471
55197
80311
27208
17898
27877
67274
97768
43305
14620
94149
55986
51560
11012
95993
39746
67181
25365
91727
83265
88584
74443
68253
18466
36238
47300
73088
59164
53600
49493
21987
8796
29803
49194
32819
40812
17335
47439
34960
25835
3424
86520
53198
15768
26265
36731
41132
34343
19995
29715
8785
88248
64532
51899
36889
5498
58875
49617
24421
57338
23647
57239
98150
40981
4677
49461
83168
24452
35980
52717
40219
78596
89447
29290
9442
27416
54426
14041
8299
15799
82291
78622
52688
87789
98436
27914
18434
48053
92123
71699
9573
90272
29032
30601
39733
28551
55053
92064
11623
87012
87066
9325
16301
96507
53092
87079
26899
61391
2877
9189
71916
13329
38447
16182
2851
68515
40237
74550
94439
46860
19933
2944
48483
12796
11360
24418
98371
33166
33742
31023
29672
86834
18101
72922
64576
37330
98463
20939
9245
28143
41778
76257
62236
10293
32845
53137
21083
79704
73069
62474
99000
37903
75269
10359
84003
99687
8729
17169
49780
56103
63192
74204
52466
17540
11533
50928
38478
79070
14215
78907
71678
5551
4522
26633
578
35358
89107
99577
89612
64375
26287
73614
51367
7134
46545
7469
70326
99509
81672
22791
17049
9556
90070
46685
85491
86092
41943
57169
95245
47493
78042
57534
74125
94971
9243
63231
10899
98854
43958
37185
72468
40722
88551
79601
87266
96020
66278
86775
77691
89068
20175
95489
8404
50283
80980
94496
92225
39717
32541
63626
30193
27512
72868
93424
38410
71722
53733
75595
60541
10806
64145
56493
98072
76516
22771
1198
70559
28190
37724
57805
23679
46127
24439
4658
56974
59157
63066
72731
91697
2923
19208
15910
12698
57618
3983
66430
49564
64523
93588
30060
21016
91659
6576
9208
88327
28357
75728
49366
66383
8742
8522
29448
81472
16571
72490
84394
52130
4751
13444
79873
73256
89812
5722
10623
81470
28649
70760
7029
5782
59087
53959
73423
87443
63368
49150
53161
46102
57891
61682
91901
55714
94604
64390
56459
46734
69140
69902
72832
94225
66127
64846
67481
55938
86919
78103
53760
31919
65215
60788
37700
31099
11122
28095
10818
76623
97607
56919
50865
59289
48819
6578
70244
29560
79388
16977
15051
49290
6161
9276
15416
87358
93108
87705
74276
87562
41464
6194
52776
2252
60245
93428
33350
87718
37875
44167
1085
31556
94769
66255
54485
81365
12166
50224
98341
27216
99513
36491
31280
8210
45950
18985
98837
33512
76800
21382
86287
79051
97978
79715
28752
85695
17589
72918
82738
90354
14293
64190
72960
85129
45554
85125
35353
60246
51217
97451
65183
5660
11133
17833
20849
44644
94632
42230
47282
90035
40208
26996
18786
42254
44584
8056
24992
14005
14761
55636
78194
4073
57117
40099
89197
92469
16696
17889
43685
14146
99424
42533
36158
26908
76717
57006
87903
87701
15587
35184
72146
62180
29224
14400
23115
53631
55743
53471
68392
11378
31664
88816
68494
88114
78012
77314
4810
12253
37351
18955
96235
55112
38583
72952
28469
42837
77004
44056
78020
71090
40199
313
46952
79666
53944
2694
33136
38687
30424
81152
43854
15269
85617
21865
92583
50469
46285
25733
78496
42519
97196
33430
31822
25665
76266
25177
86072
54286
96266
2272
10836
12931
49224
90501
83226
68269
39989
38264
15044
21140
82117
30313
23108
20333
39247
13534
70802
85531
55618
65649
44401
52813
99079
76223
94829
75344
17751
80900
29629
99524
56817
43299
65099
47317
42876
33367
3657
97491
48411
41148
79607
78723
64256
16291
34321
94141
3444
19851
49758
69093
64251
18922
68171
56825
13751
43514
74576
11002
89495
4944
10525
46311
64594
75623
9979
23821
25342
29988
21311
90104
71135
68826
51742
33559
19498
45882
37003
39348
95639
6095
19950
30913
93127
61015
50482
84054
72016
56328
5349
98893
2638
86294
28969
10114
16208
75308
31424
6311
46442
48692
91488
98184
82250
27337
44065
19252
66684
56056
41698
2986
32314
12464
64334
99148
96517
52701
55475
18217
67945
74465
4510
75164
3433
14623
91371
78740
46046
14034
41533
94737
21873
56068
93338
49210
16485
12590
32245
88892
70639
51582
92211
64045
72896
18452
60561
41948
73926
95129
9893
48390
99638
85056
68174
14260
92778
63265
76657
23163
21150
87745
61388
77217
81083
10597
93701
10024
59193
82592
97014
10775
91154
16318
74819
64049
34769
51732
22349
25047
32241
73436
46498
33648
57962
77109
42777
37578
70118
82292
58727
57862
43679
35944
55296
45996
29819
44940
40593
36093
95002
31764
16494
46123
83495
38842
71169
46706
87434
60956
93203
21081
35269
86664
80209
72847
73133
62500
31573
6178
83868
2642
76804
29864
84312
22975
74803
79348
63567
90702
95330
43740
95176
82581
24344
41882
70014
1651
51436
7446
36920
4007
9766
27583
66506
57690
74929
89036
57910
82191
4125
78233
5165
95279
57581
85084
22525
48282
66265
1457
65197
25800
33822
51563
43802
75360
80721
39708
79366
6838
67290
62224
80880
58570
38789
36139
49801
42913
30724
71318
38191
4656
56401
77067
69289
53165
43331
70745
45105
24880
12896
78926
92794
56697
80535
68153
53770
36594
63871
60607
20235
42446
41486
78805
26408
31295
92560
55890
62018
63877
94080
66673
20277
71147
35961
73442
30829
23057
34898
72060
35952
30176
92649
10710
49358
46418
63655
29580
23376
83889
88377
81214
62693
14784
77839
7343
50081
72357
71220
60512
39030
7848
48010
91342
97641
95191
14399
32539
67250
50350
62714
48455
59350
89775
97812
22119
53429
43743
45495
37317
32119
43060
16362
46902
37250
70596
87330
99057
41815
47842
54438
66015
95851
91041
76530
12545
74643
43231
75258
23097
2581
81384
37260
41051
34812
97354
2897
88481
29472
21194
92725
83206
47894
63320
86887
63302
51080
34092
96223
51155
54323
63700
45317
15982
55309
68413
34914
36693
22024
75965
87856
19377
95213
92688
65200
41169
13881
57924
40726
21244
27612
57780
42730
95044
91871
30230
41974
88093
97736
12648
60844
61435
57965
93177
16744
42729
44443
69788
64753
20407
481
15619
65681
73139
80563
23604
75041
61199
32820
3928
69223
41042
50509
27548
29134
48245
6329
26031
14511
15857
59126
57240
60299
45265
38344
80705
19260
38824
12676
85942
4504
2166
82856
44460
32382
57896
5658
6561
7067
25938
75783
48108
77241
59876
99921
83425
74387
58902
31626
76076
4167
86321
23426
2160
9367
29648
8574
90459
53058
96116
75970
22053
51752
37996
14851
71433
31588
72244
47661
31509
22047
14570
70024
39713
35088
56344
29197
58513
97839
31356
84231
43838
52033
34296
5090
75625
30412
81060
65513
52464
19860
83666
36948
51447
55910
84608
99307
27929
62944
58850
9381
19009
82076
64557
68801
79914
95913
69383
23752
64297
78539
58047
69386
54163
66797
36027
73626
32312
55886
57291
85611
23685
86570
39343
57481
25927
18639
16330
35307
53999
26619
33734
18555
95419
13647
14467
53750
59692
28149
64501
13854
32958
47649
66233
22935
96312
38470
80226
81922
62154
9777
84843
83609
10769
36487
62427
90485
42909
96160
9039
54679
26159
23506
35832
79908
18620
11875
99472
42081
57366
47121
80300
43432
46782
41706
25288
3006
42900
43136
86614
53669
95974
19256
32447
86458
62164
28607
95496
33195
54765
85378
51024
70325
97253
75432
69796
39333
33268
63997
93052
27130
22677
68769
25682
94008
11904
28647
64028
24229
47903
96475
10686
26418
41433
22534
75964
12549
74238
61342
63572
44562
39003
30710
30630
88151
80329
94626
33951
73380
56627
24488
6876
98660
18496
18779
27306
82523
43008
91560
95349
70045
17978
36781
92578
93941
49329
71634
44081
46579
68255
77208
72758
55119
88185
6708
44850
26292
79686
85690
33167
78345
4185
68297
22002
3059
27656
14760
47891
51540
6630
58183
869
89797
46169
30121
33878
92747
14727
25019
86307
3836
96489
74491
10543
57691
782
6580
43380
50300
63916
18597
23278
83326
46252
36839
98085
43952
1081
49625
66934
75615
66845
21783
13317
6959
14530
28043
48330
17188
31879
91678
58773
2508
8812
65353
45887
59111
66628
26154
77707
89905
9480
23959
43095
7564
84262
60527
57188
67547
36142
24032
24277
37348
47587
88805
81743
95916
57086
14022
88745
22833
70449
21832
98295
37077
47985
76002
43333
16312
2780
16925
63306
38567
84472
99447
78951
25100
73723
16298
72686
62527
14392
84871
44364
42039
98892
33109
17983
38076
3557
39814
36370
56985
4151
28723
16670
61386
19449
42993
94663
82754
81560
79134
98553
60510
20585
72275
93159
9622
51153
7551
94575
36023
68266
36613
51266
1374
70948
89341
21283
10761
42063
94619
14911
11288
92877
48523
47088
52221
43185
29842
33780
38670
44746
10641
33372
20152
85227
84524
44054
79802
36899
12319
32766
88164
30045
3713
93857
67679
30826
35919
62297
62088
23055
89937
87929
37024
7185
83217
57316
44314
84309
45387
77685
4460
30614
62209
48513
26767
15459
60831
75884
3622
90875
79597
13830
58553
26774
66100
37202
88861
5507
43490
43825
93435
67361
24548
96434
41028
10681
25336
72420
18432
29795
3033
96992
78307
46151
12450
55490
22034
32423
46364
1630
62605
21269
28403
28704
74822
33616
34210
18311
93792
27645
15175
61152
68544
11608
18531
79224
52355
43867
51643
73661
71027
84129
68320
12930
23809
61704
57192
24308
7792
1947
69364
82613
35562
3573
17275
29353
47569
32450
6856
32464
60409
28040
12763
69252
96034
16252
59265
67061
16732
27584
589
29661
67744
56151
7717
54267
29695
32024
62059
31641
1387
61023
83554
21312
78298
12906
85232
36113
17696
87507
61498
45735
16622
47102
58120
32873
22718
41532
66653
42121
34396
3333
88662
44317
35357
67072
75957
53095
44447
59510
90758
39096
88767
66194
10037
70052
2729
72123
86673
66182
30242
19546
5251
71774
85502
71903
30246
81118
6298
44868
84451
11311
89185
36159
94735
65141
5605
39181
41003
96363
78276
46121
88704
60821
87352
15092
30872
6432
87214
17545
88965
17455
53442
94215
5580
38943
66117
35825
36412
88766
80693
37214
76
69877
89724
94810
51369
95329
50342
8723
44969
13098
5789
58547
28189
36661
64978
15402
70557
53942
49208
40350
48156
54788
79292
30624
90612
32055
19389
87656
85621
35816
57532
46978
25253
87024
97319
11418
42288
5170
24515
63716
52703
1088
28693
84456
87996
82634
33664
47141
4803
23988
77764
95414
56043
13504
83070
58015
49320
56953
33358
96297
82205
9967
32532
48151
37701
72666
33034
1417
25368
50473
46461
26176
59839
66813
64641
7153
86703
76406
79547
75827
37561
65877
32780
87270
62173
31336
24003
72140
80219
72154
40745
34272
44819
52040
86538
40603
98500
12713
60298
88903
78587
69237
53543
55939
29949
65285
72496
22127
19197
38373
71258
6467
16897
30469
99164
2622
62485
33435
63792
52614
1826
93216
326
79394
88638
76975
67225
46211
21839
69315
18501
34600
90997
90266
70148
45721
77875
76614
78969
96820
7083
84357
12336
26056
46841
45770
89848
63948
56529
9022
64273
35922
41247
4218
97587
3810
42409
66902
22310
17853
29658
33516
88000
91730
11391
70699
4400
20545
30455
1895
36654
17700
62966
9534
26721
27238
61808
57084
84836
82377
54670
4997
24785
37923
27307
68036
73316
1551
60127
65046
12941
57444
35744
37503
61843
74399
8649
9044
73417
61655
26743
36382
71188
69816
79971
32995
43251
81159
15372
97920
86155
56508
52195
29813
24543
24321
3129
799
55386
58242
3917
9240
11066
28733
20109
73407
90387
63203
26141
77926
49370
6111
27273
92620
3621
58996
6892
89776
15503
59086
35940
99758
39068
98843
557
7241
70580
58798
27509
96172
54926
96162
23966
85920
30704
54589
12060
8629
20310
34523
35901
94896
36173
44270
26751
11610
80210
99500
11367
35629
14694
11923
59222
85273
87073
86730
97796
82306
58008
93957
22623
49393
96229
69678
8288
94658
40643
59162
46911
69924
13657
58158
6096
74278
84908
17705
70839
45423
6468
15452
65689
725
60770
68770
98520
59427
26777
8829
82049
76170
5057
68078
29696
62735
53496
88858
9645
23419
18866
67803
29514
9495
69062
63570
80334
69821
25345
86801
85272
99042
68841
2348
59811
37610
17220
64387
26048
17637
56908
47456
2066
53409
77151
64800
6905
82360
74445
46675
17577
92541
27072
27660
72462
7405
97480
97806
10557
99104
96847
79397
1451
56657
18670
92245
14096
61069
26233
8524
28298
40764
2027
9450
64020
738
246
10694
18315
58844
3234
61738
86503
75696
69142
335
73501
99438
86700
91798
17240
43356
25155
52262
51953
39251
13330
78185
26605
38206
67368
56584
73673
32529
91987
7724
78018
70076
10578
70065
39217
10912
59918
46617
43415
60293
89972
68570
12554
58276
24172
42235
50776
96792
91999
18144
53375
24282
65882
27048
73162
40666
35386
97237
18684
5462
7814
5100
61030
35078
65017
78130
72414
38422
17957
40983
50975
76232
81506
9562
32282
6353
37394
66777
59728
78027
49010
3127
67540
89676
54864
64776
24711
60325
72590
29810
37707
7667
94827
66706
85796
22811
39119
40570
40767
80102
7896
33351
77959
17457
78746
10240
23810
32492
77016
99889
10518
42378
19367
78058
48405
74230
42833
73115
50907
15422
19276
88613
39440
14102
55318
41588
94436
82157
94031
90889
90052
43733
68848
7509
38831
79087
47670
71322
72455
63910
81839
31184
83276
76248
79588
57505
19081
52702
8411
50854
71977
13375
6646
2431
68692
48233
55695
30389
66077
70368
20440
26162
39215
44300
64992
34654
91969
36313
23460
55878
34503
54643
55505
10751
34230
13010
29831
86931
37772
97036
75259
51147
3681
94041
19838
51913
66087
99317
98653
48516
69685
35445
74677
25251
59904
75980
83363
60294
10482
38005
21232
88586
28808
67414
91868
82931
64450
67127
34077
77519
70267
36395
43606
85935
51399
92121
86843
66587
6464
57125
98795
56840
31296
11196
47094
99782
92253
14273
91649
75184
95074
75127
25612
79556
52646
12230
32302
12603
14517
83700
21075
86487
86895
4223
83708
53481
27038
24483
25832
14024
72130
51459
25219
19224
14670
25000
11476
28943
16649
3011
40368
8127
36275
60772
73556
84928
89726
84980
10800
74559
71874
15022
58266
42059
15450
84242
45825
54669
35701
71044
50370
96043
18072
95664
29043
52384
37170
82408
5010
55964
89938
20371
60387
74917
31170
63142
62544
9563
4847
20954
41364
3738
21548
3541
58406
73600
74584
48650
23969
86978
35985
32373
4154
4720
85894
2914
9729
16538
58877
99666
36908
35615
90934
84430
86912
54075
63325
12826
75273
84278
79010
5825
74081
53768
79424
48664
2417
19745
51994
85489
72081
84366
5994
70259
8907
86796
18898
40056
19750
9831
24485
6661
80258
87809
19486
71882
88438
90026
50892
10615
64107
4659
90038
29122
23427
26134
81115
25267
14566
81832
68442
40167
71590
29494
11645
44050
55676
67062
35933
40289
86547
7815
28726
92925
75058
55692
73383
79716
45730
2504
19494
88215
44760
2781
98154
76019
10497
66596
32537
37445
54537
56838
66938
66181
17239
22614
18661
84301
74898
99064
20378
63771
74121
76070
53505
70188
38151
56009
6033
42717
72331
50792
61849
86836
88698
53431
75699
26142
24319
48888
9432
90499
32045
25511
50427
23294
17163
37625
22358
53893
17748
12830
29962
71252
83018
84464
89050
27180
32294
56194
89029
19130
15708
77726
88912
7758
20219
56646
29650
3729
39124
78046
45592
89550
1340
79106
43526
40049
32998
61273
52878
62959
48877
35895
63774
92488
41297
7306
24782
97490
96334
60263
13197
90411
49174
26981
62404
93951
56631
82485
33074
34676
28076
38975
23533
82501
76063
56531
60125
45293
35841
81187
17841
38835
6920
42622
36324
19605
2884
65872
26367
68409
3178
53347
30813
97128
9977
13297
46554
44653
57724
85528
97019
81256
68028
89434
37786
28153
34726
73627
32264
89593
71345
71099
96512
30318
23774
32468
49553
5998
58834
17962
25527
12180
48774
39006
38509
36145
71087
96531
17400
2316
71538
99970
53393
61516
53475
85657
51108
41171
73107
63971
71489
13232
37393
35581
71623
55354
61107
154
20479
113
38662
98900
85671
54526
35044
73109
67409
68796
69724
40333
28544
23117
18200
98370
25125
69307
39541
14583
49629
27381
62418
64773
79747
50392
20127
40853
50545
56957
40965
5559
55857
42988
60084
90900
16096
27492
59695
44670
13568
16379
89566
53036
34578
4287
94512
20236
60179
9094
86216
87559
53259
64985
68684
33005
15376
5162
90210
82273
62118
47526
4183
17974
90513
64266
25226
6609
8110
1272
67630
38029
17651
73547
91064
68580
94186
85575
5168
54364
11020
7735
58275
64278
72720
43310
13635
88095
48471
86719
10588
67721
90901
44914
74586
71519
70139
81194
95980
87762
65175
34008
5412
55074
25071
90344
49259
26997
11863
19974
38016
19597
78248
18645
92316
21557
48631
96763
86379
83481
13319
36547
90734
58232
11132
62252
44722
8677
74583
32483
8590
54247
45276
50012
60942
10886
77008
72804
30860
31375
8752
25459
50019
1068
98650
14182
66098
67475
14014
79416
20373
21099
47856
99702
98720
72884
74284
47555
63087
82873
18153
24714
49236
79094
51952
42595
68249
99163
93352
40973
94419
4340
38989
24952
70438
6463
66205
43188
76416
20204
91043
76118
35275
80279
50401
99181
43365
49626
17333
98861
12778
41456
97378
35543
31776
90730
72115
1500
97207
11103
26452
83996
33918
81769
66553
77105
74536
86756
84499
50653
38382
64777
1054
37563
24493
50679
54895
8923
84025
23698
55474
6417
43940
19975
3971
88960
70523
82416
5441
73630
83266
56094
12011
64395
73499
65925
5239
40529
37172
30513
6419
21196
92168
46469
18949
22069
1942
28485
45881
13766
48459
62903
68781
22586
93808
21353
15600
45636
20971
88045
57647
85365
61543
23571
90603
2071
60742
21116
24842
98289
29635
71310
17238
51703
89603
41021
96539
51835
69110
34040
30130
91695
27847
85784
29400
59798
31420
47843
5418
35734
9385
45340
42688
27808
6082
80155
52649
20722
54311
77843
13560
95331
74381
65394
66468
35730
50855
507
65859
44705
88301
20855
15765
68697
21182
90755
94433
82874
49794
22240
88955
91240
26028
72441
15197
80339
50284
45108
92021
41016
10502
58489
93097
75347
36609
36404
59653
57258
75417
79930
42306
12951
70684
36738
95824
20478
75330
1130
66778
66569
27157
39218
98118
5853
43225
15868
63221
70078
74356
72669
47786
66054
47976
18809
7628
25655
76066
99396
5584
34723
12346
87813
29449
79494
25650
12578
46062
69159
68147
60531
93005
74000
3756
8872
53572
73833
99579
26240
37970
65633
90567
38716
84441
98194
64370
86305
27933
78924
15745
50808
8372
95238
92809
37301
57652
61967
5448
18182
54972
95799
38289
80195
28474
79774
91961
66443
45406
82528
5158
46198
97073
85879
39408
11014
72184
53653
67459
83085
20812
92183
94675
29972
29483
52326
91939
34930
86859
47080
25148
43456
96449
23229
4762
36415
84986
87289
57925
713
43803
70591
28079
32338
37931
98083
16149
37368
18894
8331
48394
65217
54165
719
57155
5447
3929
36768
52526
29076
80224
65327
99048
19804
70088
51815
4790
73728
9739
35973
74440
69893
22915
2518
77198
34731
30917
35845
59413
79310
1062
13577
74568
35375
308
11336
87901
45736
7911
53227
61135
27714
32503
97041
22687
84827
87832
8932
24094
6702
27514
23653
32207
75850
38008
67936
24247
84182
3311
24554
95517
7563
86641
19779
60789
47776
454
60724
96347
13846
99763
81174
18029
8694
5267
24730
52559
22909
64735
31154
71467
40584
85513
99334
50198
53448
23580
34379
73110
64485
46248
97024
51126
66026
74164
98901
13518
90969
75976
9865
4814
75738
7390
